0S,0C
0 0
1636 1
1531 1
1279 1
1279 1
1269 1
1268 1
1155 1
1155 1
1156 1
1296 1
1269 1
1251 1
1252 1
1279 1
1265 1
1268 1
1268 1
1277 1
1269 1
1312 1
1280 1
1272 1
1263 1
1277 1
1272 1
1272 1
1262 1
1275 1
1273 1
1273 1
1317 1
1278 1
1180 1
1280 1
1277 1
1278 1
1280 1
1278 1
1283 1
1280 1
1281 1
1273 1
1289 1
1260 1
1260 1
1240 1
1240 1
1277 1
3045 1
3044 1
1277 1
1277 1
3045 1
1277 1
1277 1
1277 1
1243 1
1243 1
1160 1
1160 1
1234 1
1234 1
1195 1
1195 1
1197 1
1234 1
1195 1
2912 1
1193 1
1193 1
1193 1
2902 1
2914 1
2860 1
2860 1
2860 1
1230 1
1158 1
1231 1
1259 1
2913 1
2914 1
2917 1
1244 1
1213 1
1234 1
1174 1
1230 1
1213 1
1174 1
1218 1
1198 1
1208 1
1227 1
1228 1
1223 1
1223 1
1231 1
1227 1
1219 1
1219 1
1259 1
1215 1
1176 1
1232 1
1231 1
2903 1
1237 1
1192 1
1231 1
1192 1
1231 1
1192 1
1192 1
1231 1
